=== level10 ===
Spatial adjacency map (0-links ignored)

Component 1
+---+-----------------------------------------+
| y |    0    1    2    3    4    5    6    7 |
+---+-----------------------------------------+
| 0 |   17   18   19                          |
| 1 |   25   26   27   28   29                |
| 2 |   33   34   35   36   37   38           |
| 3 |   41                  45                |
| 4 |                       53                |
| 5 |             59   60   61                |
+---+-----------------------------------------+
