=== level4 ===
Spatial adjacency map (0-links ignored)

Component 1
+---+--------------------------+
| y |    0    1    2    3    4 |
+---+--------------------------+
| 0 |    2    1    0           |
| 1 |    3    4    5    6    7 |
+---+--------------------------+

Component 2
+---+-----------------------------------------------------------------------+
| y |    0    1    2    3    4    5    6    7    8    9   10   11   12   13 |
+---+-----------------------------------------------------------------------+
| 0 |   32   33   34   35   36   37   38                                    |
| 1 |                                 39                                    |
| 2 |                                 40   42   44   46   48   49   50   51 |
| 3 |                                 41   43   45   47                     |
+---+-----------------------------------------------------------------------+

Component 3
+---+--------------------------+
| y |    0    1    2    3    4 |
+---+--------------------------+
| 0 |             56   55   57 |
| 1 |        52   53   54   58 |
| 2 |   63   62   60   59   61 |
+---+--------------------------+