=== level3 ===
Spatial adjacency map (0-links ignored)

Component 1
+---+------------------------------------+
| y |    0    1    2    3    4    5    6 |
+---+------------------------------------+
| 0 |                   3                |
| 1 |                  11                |
| 2 |             18   19   20           |
| 3 |                  27   28   26      |
| 4 |             34   35   36   37   33 |
| 5 |             42   43   44   45   41 |
| 6 |   48   49   50   51   52   53   54 |
| 7 |   56   57   58   59   60   61   62 |
+---+------------------------------------+