=== level2 ===
Spatial adjacency map (0-links ignored)

Component 1
+---+-----------------------------------------+
| y |    0    1    2    3    4    5    6    7 |
+---+-----------------------------------------+
| 0 |                  19   20   21   22   23 |
| 1 |   53    5    6    7   12   31           |
| 2 |             14   24    1    2    3    4 |
| 3 |             13    8    0   10           |
| 4 |        59   50   16   17   18           |
| 5 |        60   61        15                |
| 6 |             62                          |
+---+-----------------------------------------+

Component 2
+---+---------------------+
| y |    0    1    2    3 |
+---+---------------------+
| 0 |   27   28   29   30 |
| 1 |   35   36   37      |
| 2 |             45   46 |
+---+---------------------+