=== level1 ===
Spatial adjacency map (0-links ignored)

Component 1
+---+-----------------------------------------+
| y |    0    1    2    3    4    5    6    7 |
+---+-----------------------------------------+
| 0 |        18   19   20   21                |
| 1 |   25   26   27   28   29   30   31      |
| 2 |   33   34   35   36   37   38   39   40 |
| 3 |   41   42   43   44   45   46   47      |
| 4 |        50   51   52   53   54   55      |
| 5 |        58   59   60   61                |
+---+-----------------------------------------+