=== level5 ===
Spatial adjacency map (0-links ignored)

Component 1
+---+---------------------------------------------------+
| y |    0    1    2    3    4    5    6    7    8    9 |
+---+---------------------------------------------------+
| 0 |              0    1    2    3    4    5    6      |
| 1 |                       10             13   14      |
| 2 |         8    9   17   18        12   21    7      |
| 3 |        16                       20        22      |
| 4 |   32   24   26   27             29   30   31   39 |
| 5 |   48   49   34   51                               |
| 6 |   40   41   42   59   60   61                     |
+---+---------------------------------------------------+